$ANSIBLE_VAULT;1.1;AES256
38623335663739653266323032653461653630363730623333363364303165373064316539316362
3763346165363066396236636436613733383733626134390a373335613562356663633738626231
32663361633636366465316337393930353463666362333438383266656231656566376337333830
3837366135386639610a306438643331356432386335633061666264393638343337646264383764
65643936333132353437363465323437656538303638643933313237613637623831626634323133
30646666326433313738346539663435316663326537393335636161386639316163393264373839
39383836323763303665353165343733336132333931373033373264333230333738363739613632
34613431303136636161323334373331386233363562366564316138353338633765336238663365
30386431616566653531623036633364636235643430353261373062643332616232333639643737
66316635373239666437323136653936653832323335663734643535353264636539316166623931
39373264616261653632363566343033343338643834316632313737653034333036316232616232
36343964333530303662383664633966666437313630333461313236326365366366303438323934
35633661343533303238633765343431396333383234613463643138356437386666613764626661
33643930303439613063373565303833623234376332386261666536336534643262303734633433
33373436643264613733633331633432643665303162633032373564613336383766346564636262
32363461663261636134633861363932306332333030393766316134626632636331373132303839
62636437373161633362653963323463333331366632346337333933333762613534353339346265
66356463333039363865316138393134636662356665613439653331616433383131616139613633
34613038623634343731623065386362666331653934653536663033383463363865396232653665
66386232633133633930336536306264386539376366366464656264393831626436646566376130
32663931363331343833626134633763326233386535306430386262393031303834333536306135
64333939323331303162323437663332343330303339373737626536353631316536306336646164
39646466633334343563636233373466356131623637313633373436353461633837303565646538
34323366313036663034626265396634323437306566313866663661663561653766643466633362
39613735323764653464386661313464376333653037376537663564333236333834653130343539
65303435643862613464386462663962373261396165653434303537333566653338626263613830
31383139656331656233313765366162663933306666633165323130623635306661396439333031
36626638636134316565366161663964656432663162613564373430623832313765343434313535
62666365373037373736323230343162313939316464616234303230613832336237373364326265
37386234323135376134633039393830373132343034663335646530316236623763393338336561
37343636326461623939663131613236336539356161303337326263643336653066633366633335
63373964653934343665383733316336353232303736303334626536653838383335323635373932
39633266363432326537363635653035303432356634376366313766633263343531656163353261
66356562376635663032663533653234633765396532353661383064643536653563653931356636
64386461393734616138393733393464373633353535613033613565373137343762323039363861
64393963303333383539633536383631613239376438313038346362383664616330396330663832
37376234333638643362393962393231346335313032653133373433353366633762383363666566
39376464346364363735653830353363646362663835343763326266613137313233363633646661
66633261313761616631663561363136323164623964613163303237303366626231383936336563
38663438316461656662613961333463333331303364363530346336643366656662366439653637
37616333343036666534646463613264336566386264343437636331613264306561663564333331
37386233353266653232363734626364616539323761663766633936386631613130383739663831
63323638343237353439613139626539646537363763373339373339303761336230616137653533
38386635373462313230613239656163363466643432396330393165336461656262356363663166
39623964643136376263336136336130626163646632336363353035656635663462333661636366
32613436646261613036663861306163663637616238383363316661393162346161636436346233
30376234636265633862386538613262343833626531633738663932633838386432353563333936
62666464323365376334376264383438636631323639333634383863643161626636353839666137
66646362653363313530363936336435316339633566373333303862313132633261353735636661
38323365323830623330393536653963623630626335633333303134336663333235353230346236
63356136323930626235656431373835386235316133396566373532353662663836333733623436
38616231623038323638646166346236353439343933306536386166316331636563343432366563
62646135393561633939643037643139616230366335623661333238333661306364633262376239
32643263383930646561363765366264613732613265636461666136326361323561653462386330
30333139613538633437336631323137306539366433626637656133626336316564343962363934
30623434616466343339393331326238396433633534646336396638373961613861353138363537
39333062366466346466633634326535656464626366343830373863353062663338373765656633
31343535646365396438636566373234303566623933376565376635313533626231623162363466
35303865373630396363323034646638303362626261666362633334343234646464393265373866
34373066356235383031366431383962323462663162643762663931376634613366653730393338
31306661333762343966666430373266386638323431353866316438353631393331303938396430
30626539373961386637356631376430356633626463643661636263623766343864333432323931
31366530323866666135353637393533373532303132613363313466636236646239316664373233
30343464333734333565356465636563623737653337386531313465353964663662636235633335
65613835643134656334393061646364343431353065316136306135343435653136636563383337
35613931366132353338373566386161313834616535326535326436393936383439323230333339
30323161356564386630386530313763633238323861383431316132396137346664383465366232
39656661653662363961656637343265623537336131343832306231356363646138346531343636
39326434376234313836383833326566663237383933373261636266376435666631383364303862
31623633626333343465613336663536626137346138383630656262336432343963323533646630
37356238323335323061643364633064373761663162653231326338396334343965346632373736
32653765656532343561343730313134643036633665626665313662323235323931363764636132
38373935643331393262373439363038373964636639633031316366363731633161313131646234
39643931376461663336653162616635346565323264386362383165393037656538386435393936
30323633323637303534643033633038313031323861363338376136333033386332643435373864
65393238306263303331613139366437653865303663363162343735343361646165333430386438
61393939346366306439303936633633646663393037373834383162383664633463313865303161
63626237636635303564666530303863383937636633333664653031623264353361643637623933
33643031653039346464643130313730393135623932366338383231363865323862613330653337
65613830353231323230663934626564633630373432656135353534656137373633303734636135
30363132663036643965643264313630633932306363346661326165613238326462343661666333
34623139343030383133313131316532306334616164653630633237323835396335393535393936
62663433333732363236363836333137386562636336663361613133643061633230643662613331
65613236396133663165396566333235366264643166326431623064616339373464663563393865
63386533356339396634626438376662633337306230646165326662366330373434326237356535
62336161633634646135313161663836666330663139313139326665353736616361616166393331
66393465653734316364623562306631383538393462323131393835343532386234353062323830
36313139663731386438393532326630376534313836306131333161333237316261616430313737
66363664376464336537613538633139383438383931653638616365393638343335383833383266
62386439393463343431653434356561666539326365303135383038613336623763353330353466
62666538663539376534323933353233643938323830336337616232323665366166366532663666
61333830383664666431376331313935656463383061633764646361393162303531313663663161
31666237346631643032666333333830333238646330383230663339643632343662623166303937
37643333613166626432343765383634653939336262623764333632626130666334656337626661
32316133346631646666336232323638323433333938343765396661376261316137356136656430
61666536623538373162616639373439383364343162636166316636633032616265393934373064
39333736343839383531353966333237356663363166396437633739646531326330613539616134
61303338353330346363663935346238383861363131663732366237636231396535303134353332
64336132326637313436646161646264343466396136326464633161316639363334663132653435
65613734396162663334343633353436303462633861366339373332356564393433366536626636
39356133343631303235656530353233626336343037363366663066343333626265316331396334
36313333333239386265616365326539656662636263626430393366316638336531343162306431
34323861623766613139386335323430383964363762333934333031316564616639353132616263
63636134393465393436376262353839363461373731343434393062313033623466616363623030
61386138653738333534353861633639396561363435383062313333393361363363663537616530
31326636393839383863636531636664316530333439663835343861623937336332643533643866
35643430646633343061663438616330643264336363306564326365643865363738373935616230
61326638666638373364633831633764343633393036383535653834376462346130636236313064
32313366346439306463323337643064653366393962336636323335353739633465656439363038
62623536666634393164663166393161626462346363383934616536373536333463316136653763
66336531626263343234303337336130376338663166663835313834643863313366356262336337
32316662356363373066633964626537353138386463633763386163663933346533616535373833
39396161346637636333393236323534663863643238303130366530343939316631303235376136
63353537646264653830666330643934393962646133343261363661643434613930323631383838
32336334666333323864326137373566373563643534333732386130376538633763303739353233
32656236386137623665376263316533333132303633333366396562306366633266336362376266
35613730353666346335363336613037356565336665363837646530353536626539333732303737
31343864666334366338386533356334323963663037643831323232373862383066323730376337
39333062343037356561633538623337366165333335623361666665616539613437383330376638
61316461386334353630396661303065323463663965646561323931386263326139656464663935
35313430653130316135313563616635336362623562623733636266616562633033313434643364
36326464353937643134623536623839666161643665353433366630383039323831333332316566
39383665316662346531386335393334303632383664396262656163356165613835633334366234
33383766343565343063346464366537386532313238343066386539646162633963393362396632
61326362646266663361326533623839393861346636663939336139613339343261613064346635
61366561626534333733383736326637353931666231303430383465613866336131376665663164
35343638353164643439343035396164643536653334346433336532303766626431383332316663
62666136346535656538343434376130333364333439613865393665613463396563353563396633
37373266353335303534666635653632613535653761386465666430623931613133636335613965
32386132313261363339643937643265323330353035353731333337626262353033323033616534
66383432383431626632643136373734616532376564383466623338373031626339366361646265
36343536383035313961323330653963323165363762346635653961616164303030383361666533
31623331323964613461303031323437393263663262393231343265363232383531623537616337
39663431626436323233326631626139326636656636616234653630373162623530626238623963
36643831393465626130643235633932393466383037656130306437303634396230303364323136
34356536373338366534306464633133376136373064346166346236653031613333636438613265
62646234366535646436656266363333616334653032643533306366353734656566626466333932
34666433376132313631666264306639373932623239306439323065383131646433633865656236
62623130633139613761363237343931346431633266613061313439663830346665323463363833
64646131613130386662396562626562653736333630663136616566363131633361313733376232
35313433633833626136363539646261393839626264313062356362623937616134653833333236
65326562316538356166623362356664346131643536303739656362366332653437303162323931
65656162633535363434373935313061343765396537333538333066306464626165643830306465
34306664326635343461636130336535643930333363313262613135613432613766333232616431
61393265323664626635343032316434396535373434356433383266396163396562643463333163
64663235316162663438326466376135643664356565383431336230353930333238646161616634
37393633323364346661313032366233386661343337373830646663643738623732323032353933
32666664663633333863346234656661313235653734613336366461313439666363353532633639
35386435353435666332356331356335633135353465313665333633343434666332656366633937
31373339363135343365656562643166636163613938343965353131373764393162653863303434
64346232333863306236653033376262616262663032306465626532313235633534326161316630
36626162303830633433366565366166383836363865626334383765626163316336653266613265
32373334356339333338306437316664386563653931616366353830343965633632613339626236
37366430623863373131376233366265353936363030343538313565666634666366323439663532
39613863666330653338363265393430383230353966346234316437303461666465343236613338
63376534376438323031373663616138373264666666393266663463343738623666353836363332
32666134303062376465653365363939396236353234343430376166653835386436623633656435
61393036333635316435636638356539383634653731616366353732303337376634633765343936
37313762613730633961616666333364336164316632663436326337393263393062366563383063
62616466346232313735303632633337333361326137363031373034313938303939633163313862
62343864303231393165376663393166353066306537366332303032636630396530393337386633
66303735633838386632393766383033373139373163386562663164373430313435663264313832
30393434636239316533643633623064653061376465363936663832333532316333313336663136
61666437663262393830646463626165653231326235333135663536663037363839373531623733
61343136323635646164383866396134353065393535623031326139396638306237646638376237
64323030356164343537626439623066386438393035303934306635333938663431373833666134
63656530323434346265313838633065323935366662363438333436623634346366646166303162
32653036643335303066616361353933633733613566313963333634656362373933326166656230
38626537646263643136323135353431613138303164366131633664313766653239356531333562
32626139393064363665396563666338363935653663626433386666386234646539363561323430
63396232663332643164363464383561353330323164623664316362303834353263646133383863
37336233316135633030623634643233343164366362323639356464353164353135373866636237
33353962353339346437393761393566626362393133663634323532346564316233653334636230
33663738336665373439633261333639396261376162366337656533613965303966363638313631
38383564316432306432373666666661653065383538323036346233303334623261303336333139
37313635396235313238356566333038323162393932386463343831656633643564363362623530
32633838643039653661633234323139616439323437353761653762376466386665353331313933
35343436336239616163333465613030333265626433373630353437353566653262643265343461
35646464653364633464626464393535623737376538363163376535306231663366333365363734
61643965623766626239376330643063653631613931346332323837303862323935393463326333
37636439306335653934363631396432393537316231336565643564383531653237613263656135
39373435313539653464303461663066626638653161636431363135373236633735383732643261
31346235386561616539333734646362343866303934333361643531373763396164653337643564
65623237303935383031613136643766356362656535393232333561663039363465343662323539
38313636306431333665613661346232336636303637303834333665616363396138626661656365
65316435393235616466396166636537383230613737313031633166633534393031353863623936
65646365393861323664643432306666366163663966663036343534383930656661663566316165
38616235633536303032346232653963356262386134643337646462633063653339333133313666
65383632303164333035366537373336633438303535613232643335663938303134656335363038
34336334343863346664633133376665313538303335396464646632623566326230366636303266
30373162373838643366333533346437373236326465356234666634323037333638313464656537
66353336393531613432373464333462616239363538373332666132376463626263333762636438
34656135646337376132373833353262303933353333363934623239356533393735613133346539
31356636386239396437346135663662306437316436353639316463653032646433333635643761
38353434386263396539633230313666393038383461323163626466313632323861323933393864
35373334363834633535353062356262633364623935393031353039366231623137326361366136
61333537323462643066636562653937633538646532633664663238313038316130336663313736
63646135343436353130353433366131323331383931623861656163343366366361663432656633
38623032363239316334636163643430643561323730643265666161326161303133333632643365
64303765663463363635343364336164326634656431623233663635666637623163363338343038
65396238646362373030666534613164323164313566636332633039326333336237646530383563
66313665636436663463383166336237336532663235336537303364316436393135356331393335
32336233303530633562633439393632613536663731666237656437356431636362653035653732
37343531383837376637303564306461303630613139313563363664643465643564633537333663
34633237663466313130383334373262353263626366313566376137306362616236333436346136
37646634303036633131663332643938376337386464656562383637636639383864366436363666
65633261343433356432336162653231656163646163336464363935353165373633303561303564
64356131396536353564643932303239376263323961316333313162623433393332383839616165
37636265333364613731353334323235353930313661633661383936383635623236383364643230
32343836393831636233666638333936303461633730326337316263646663303937326633333061
32323333323634393932373633336430616464336164663662316637323061613139396238356337
36313762366131643033323033383635393161646262613162356234636432623639666136343134
66656464353134353663376238343331613534383862633633323161313131386538303930303835
30303536336265623666343533323437613332653163303862353134373461386264353561626636
36353166653731623563396364333939623938383465626637346331303064363231393435346332
31333866623431386438653432313263633839366538326262633336323133663830366532366635
63336166303331643533386365316339663635663465633764396530623263346561313334383963
65313039366430316137666131343039653262326565316662363130386639633464316165613730
64376666663035326535353038386631626634663262616430653631623434616162366665333233
34373935616437373038396165343939336664356130353561666435336263393831663738363733
64356465346533363238623539326333356639393362646630633561343932303231626130666636
33366533343530313331393134666662653764323930396138326632393134303131613837343335
38646266376634626464313436653531396138323235353966363935383731626631653362313731
63613231373430323136313835386137343365663364386565626464636434303233393963333532
63356662393531346565343463363962323433623865383031663136306537633465393534656533
31393334643731393963636261313433656132313731386261656466626566393233363434386337
32366337653338353430353939626161313037653033336435653233373364613836313030383437
31613763366465366364343862323135666436646533303839356632636537623764373533616265
62373164656637386632393732353365623030366235363132323466373339633338343262303535
36356237646634313264636332333962376130353361323336326364316333366638656333373533
31396361643532393162633065316638383734303439396536643763653233316637656266306539
36343235333661323061656535396265366164353964663565383865383039613331356261653463
31393935643463613262343233303438346330323232316537323463383065323537373031663362
36383636663031666361323230373133376164646430393062386332653136316464313864636166
66316638626530376463666530623838366238623439306262636635303637643936313834326238
33663138633661323239306434333633646165353565653465366461323333303733383931643466
61376634386332353231336634663832666630616637373034363266343366396635383366383662
31363362363434346462313266643063346165303761646263663232396331663934316539383831
66316234653961333039343062633466623930326531623531303932653839636636643263373362
62613837613031363864343162653065333933333732363535316136653135366634313032303934
61336237316664376534366337643865323266653536343361323638636131643663333837653362
62633234303537353936616630656238366366383530373034663861383366373166616461383562
39653833343263656166636361343337626639616563653936316335663131396530393935653235
65373531636532386533613839363033366131653132626632373665646335623533376436363536
36653134646662656162656338613262613663663032666538306237643834303733326136393532
39363034336663393161356333376566633361363033386433306462666666353863616438323262
32343638663239663765373831663035343439356663356464353033633539383361663939353936
34323463303363313639363665623936613663313061386434376237373534373534363031666662
36386535376636633030386436613632656266616263313866386363326664613533646166336133
64613965336631383933656233363230373361373230386634373731666565633363613963326361
39363231633735633662373463323938666665333635323163663066646132623438656137323062
36623835326438373365343263646461623531323663633964336135653331376164643732366161
38646431316564303130373161633538353631383233313264343732373863616134626131376435
61643832663732333631343631613939643464306165343838623962636136393763346265313432
65316361346565356132336339656463363639313633653432616663363438623130363363366366
35333761633164633231623338343035303865353435623361623838373838613266366339356462
32353665356133333965346635303238333736303836306339336232613064386532383732653031
65316539616232373938316638643632643335663935346261323136363730656362353332333164
33366263626332353661666135343038353338333034373730393933643036643361326330653036
66316336653733653162373334363436626266353339626235636431633764633261396262356533
65336434643163383532376163646563343935346661353132333763326232613363663738393064
66316663343031356539333037343765663662613161356532363936666564346463376462653435
62306664383634366233666134316536633262333733646430313364663163663234383462363635
66363935633564666633393566623339363237323561333639386565373936653636663734336530
37646230626162303730346433383964323030633064356435303836623863616533313064393137
37306332323938326232303331313435393465663264386634333933343132386637616562383733
35646538333766333766353134383232303037643963396435393066646339313037383663626630
31663261653234333061326363633461346139643334666536666130396333613130393036623234
38623963386537643039663930643332396139313037306534353732336437653464623230646532
37623731393634326238396138616662636162333137346365313935363063393736666539306561
65303365363231656262656631343137316134633235313131356563386134313634653732646532
64353466303038326664393365313533383965306363623663613139306135393937363235333238
34346631656537663230323666343962363763313262343563316439393666636431646239333637
35393761303664376231306430356163383835646437363561323135653666313232333532303163
37393036653962636335383531623763386637613564313935326637363732383863623163626665
33653765653762646133303530363534383865356332626536303764343061353763353836303765
31343531316334313766383833343861303932306435306562363966656162383035663665643139
35633135383938636637373865613438343230343565346135313764646264336434643663633661
33303361396336393462343966383666333862653064356636313865626439373865323661666139
63356335666165316162383964626565336161663963376630326564363861623437653261326239
38393234353365336365383633316534326562366566366438353364613131303531356233386331
31333236313565303531326461346161353965633265393839646164323366666432386431343963
65396338363436306337353535636538393337633961633936386538336334653932313664653033
66633131646235346638323066633963316638613230626534623030316262373130616163663835
31326136323566376666386130333732633662333534313537356435343663346138356266366563
66663333613665613834363638356166613662346433613362323430663464663530343238343765
63383437663437626363336561323262303438383833653262373364353831636231633435326266
32373639623434626333626135326436363839613430386630336632353663323031656431646664
63353265323866343866353533323466393461366365633534323539353864646332363865313931
65353535633931353235366337356230643634663039643739366161393161643637623630383830
33336136653432393238363734393430373830356238333863316635376161383361633564306461
63653430613565353833343839366337666663303532346264303166653337393638366337353665
62316438663333313762333963363163353662323333326161323665623064333864336264373230
35616630386565353937623530316431613532613264306431663032323866613164306364653266
62623032323933333666396534633763326638363332346438303363396663396233326131303938
63653337356538356436303135373937663735356533313634373431636132393936666163383862
38313064343730613631656132633836616634656265656235336366396165643838623235363231
35616231653438306164623164356636326139396563393161653437303561653431616266303134
63656138363432313039323030336230613064306237363034313732613664386235663535643434
32623831396634383532613430343966623237613738356666343163386635643034363761616462
39343161363935303463343333636366313036643039393532353234616230353264356331303430
62323263336662623732303538653934336334666634346332666363646638646261336633316137
39393731333165623862643833376161306337393334323931313364653838643537363765666136
31663664643937643432616130383864616263323033346365623464393261326630653738663466
65663032333536646430346462343637303735343434313232616564376531376566393733306136
34386666333462383339373537633237343366386434643331323732653435633263353565333164
33383732346230333461643434316636646265316262303838333631613530363739366265373138
63386533353762666239623161356336663965326636373539636561316466353638343838363536
63623761346664656335656131323265616438656538306432653935306131353363353036356136
38303437313164666364636561373833633062393731353433653434396231353931633939623035
64643434623239643931396161396366623937663035376535623366323966623465613637616633
31633061346565663165653362633936633933656135306439323234633333663535366433316338
64326635653264353963356432643265376137323536373665323536383463346565656461613638
66616539646263666565613264303361653862373436326330353566393164376634306266346630
30646661353632346530306238323532333931386231373638613837396534343866366232306235
33353962396333383161356638633261633262386230393730653234623564313964646264303562
33373566626431653161353039653038363765653433626262623634393531366331303163386461
39303730653233333766383065313631393532633930363234333632333536623639326233353736
65656439396262383336646434643961303836373838306466306335623734363131306263663736
66353936663630383533346364343237326138623366353733303537326431306536353165663134
36373631666434643336326635326265373937313133376534303934343632666664303435323139
63313761346538363562396435386631393437346561326639663161333666363863346362626634
62663765336363356163373865373064313235666535643438633239303532626262353835623935
65656130656561303738316133636366346233633763303835373961333931383764626237613831
36396534313865346235366231333737656166366463643862396639373631653933346630373235
37623165613230353337643331343631303636656637363235346138363963343965323366663732
34323237343333313333633461373061313937396137366133363734373436663661383138376138
30333735663834346162646637343130393366316533636165383264393431623966366463336137
34316561323566366332363664646235616362393165653938336165353964636264393564346430
32373732626665623037653762626263333838376361323734356231323061373236613365373637
65323736663735333539373832623039346631376165663132343063303039643663623065333865
61646139346265363765393335346366616264323634316532633865613865393165353864393063
33646531393037666333303531363435663666653238643933313565313638323461303436353962
38373965343434636461663437393834616263653462373939353034336437396665313631343965
37663163313262353135356238336665626239303930353038636430323735383164323365303464
38656631353764653766
