$ANSIBLE_VAULT;1.1;AES256
66316632393933663161646336623437633763393435623134316564323862383030303063393766
3737346138363636386164626132656537323237343831650a336531346430663639366539326631
30326161383536626633366466336265333938333738616533383765396638613634626639623737
6130313435666138610a313062396338326135626134373136376363336666653230376339653838
61343731626336333732336364393730613834303239623434333763376430613834383139613265
31313137633237656162346161636632363136366339613866313730363066343136663232643035
38646430346237616437613663376339313934366435343437316265643065373237353733623731
34376666303863663364633464623830333738316336343063356337633236346266303766333632
66373436323430303436313033613862396538303261386332613535313634343238343363303163
63396639383565646130303666653534336230623864356466393234356233363634306432643339
30653137376663356438646466623662336131663266656338616239383364393430336561636265
31346235663937336565336635663637323634326139633062623363393933343636396339313631
35663232623766643265623430363032353232373835386164616561626439396363643636326533
37656530303162396663653932653833303363366431613530326562633734666436336162613664
31653766656635393638613538636262383063313365663631376638663232393132626439306438
32353132636337646637663361666462356639316463396135346639303265383637643234333637
37396134343938353732393036646561343961383337326665306666323030616666626633313935
30333431656463316235376532366161376436393865366233356334333163653266613839633732
64323031323739383364353662663639303338326437343266623332346438646563623531306434
33333639313965363763316338616437323261346233323063393437666164666330646339333935
35303761376566376566633734633865326230626530316264623062303835393439373363333961
66363234323337326536336531313936373730653633636234363964326136313262373765663262
66376562303933333036666139383332653533313565666263333562623964303637336166376134
64626230306332363165363934633632643735653665303134373139666631316233613930323333
36623636613431323865313335646232336132323234636334636534323835373630316431363365
64386539633664363332353663333862333038383132643732323961303262323436333164376135
34616362363637343130653766663633363365303630393039353364623031663166363832336233
32323533373831376664366264303639346466373632396466643363373466623936653434633633
31393839343330653663316130613636303036653163303933653234323930613438323230336631
39316139623364376138323137643066393761376161393162383538323939313037393061313439
65633336663564616132356164333633623236626231373264626565346361336561656135356639
35613630613165376237343261333932333933653435316561666638633031336261386639336562
32636563316161376436333532626463313930633533373464383866663265663135666266613632
35326237313635333466393332313730366230306661366464303130393333346231353566336238
65663861666563616166393165316131626631373330653036356237386635363330373562366361
34333536633530633935653536393663333962353830646234326563373333653833633366313134
31386435396362646463616238633338633330353339663865643138663064356133316663636132
61333062383235356337633133306639393761643335656137303861663934333131393166353765
38333433363565363132306137333062336236383039653666653664653265623036373666323365
32343638623534646365653334326432303361323063643661636533383532643663633539653262
39666133356335666639356437613265623836313631316531656435346533623030653530366237
32356363623134383433653138366261653735313432303239356634313364323664636564383134
64313364393934653939623236393837393833643562633861316133383962653730353532633738
63646633643233316134336639643931653132336266353431633861323035323636363263336265
32366265306161616565613462383432383936346233366133623865313634386134376533663061
37303765623736623564633137353861333566346132356166653338626163373537373262656534
63363135666330333463313638373234363535353365313938393137633864623765363137316131
34623062303839663733633766633739663830343732353366653431623436376566356437353237
34343532653133646336303030343633356233393966666637663037373039343930313464383932
61303433623161303132646234623966383337306130313866356664663564393736303638333164
34353532373637353838653337396533643739323931383165643433323865373237306633323138
65356163316232383865353234383433353161643530353537666466653965616237356239643430
33393235383762326232613664303861363731643633373637626661613362633361333665376462
35366638346131326638616636626432613638616163613465666161336230376661633837623566
65656639393036636538376134396462303830383337613439663431306233363261623536656233
35623736313436623931346665396564373434643335363566623536366136313832653661616332
36613862313866303237356133333861376633396165646462326137343332623132393636363662
61343130303965663632343562346161616136306564373064663437623437376530343662346562
64323533376463303332373235336230336631623061666236616463656438623663356231323331
32363035383261386430653966666230643130666161613330303938646464316639646664653364
30636264393632376163313633373561313432303336386435636262653063313636313163376638
34656433383533326664643231633838313534363537386164663834363564333032333762616635
37306133646466353435613263663061373263646438383664346435386439346331636562303633
62626665326536313733376234386433653639313734366131663130363838656239643265633531
37333439396437663733613432306266353364616165646139613931336534383637626364663334
66313665333034336262653862303431626333666139633064343366333832653530376261343138
66323236613530633232636462396337353961396666646230646431326538653731663135353838
34313636303061373637613934323865323530303636356463323262323430306633383965613163
37613636626162353366343739623638353464623465666239636565343234316632663333303865
61626363663934363064313738343830643263636439366662633431653935643462323762316532
62383931383762633733383430666336623230653637646233323037623263313334633033323761
39356438383861366335353466656636313036326435303364333463636561383161323434376630
63393831633736313037623234653730623839316535313233623835653238616432313338353330
66393138323766303838646561366565306638356436303731393238343834663533396466643833
62386537306539386262393637396262643066356665316135666661363661363336353763623739
62343933393732313830393931656565613065666637313531663236343938343166373362383131
62306532396237306534326233336265343164373863353230663635353462356136636563653736
64356662373133373236346536373236333435383739303865373135356466613231333533663632
36663338393438376233336238616234323261303563353835346462643737633633333331633563
37343265646539353333306532373361353264303537363431303334306262666132623065626338
32393665373931633130393361396463313934306436383130643934373034366636313437303538
39343364636436633737623937383166386530383138376166336139356234643336393733343839
63343036376238386130656163616432663536353265386262333065663434356532656234656333
37336466326230313766613437666431623833333565383963356436333832623262646566643536
62363939636662323635646436363231316263343566316265383635343030393030386230613637
65346131363861396436366137326136356263306530653863666664386663316365303732313562
37636466333662323737646331636336636262336366396132323161343639303733323730363733
33326664666365383462396632653539646436613938646235633039633339393361653935613663
34396135643966323834623633633532616466623439383732356238343437376533656133303638
34626165336564393633346232363566303732313263643632656462306230326133636630376562
64366465343734386565613363636631363631383232623639366266326562653266316436326366
64336331393337366665303466343166343562626634333666333638633632663766363361323035
63303039333034613762346465663961366538616561623566333266306239366161626636666561
39636337646635636332393530623366316237313838303665633636633332303336306230666534
32373633353932616164393139656539366133336664666135396237383436363461313134373064
37336661363066343838356366386264323163353664633737373063646532323564316539303632
35333864323362313531326337663931343361623234333735363738363666343361316666613664
32316162303762353933646534303733396439643666343365393632383565376133386131346433
61396235343761666131363738626361303836633265303732373437336132623035373936343564
39336261643131353631636563663263653866346635306439666333313830653336656534386565
37666632366661663265343663303836656165663233636531373337623662313034366237313234
62616366336637383566383963393539303965636136333231386461396539646564663632323335
34663032656262643666333736653366316333636532626365306130303831313764303736616364
65306334656235376137306336663061663963383330326435313562646365323435356335663263
36303730346461613166333236373337306636656530303061626664313138376234353139373433
37653230623036326362373663346130343163333535366664316634636534303933663965363631
37313438303533613031386230626537386561656361356366303635666234383361636531343065
32656135396433636332373838646539616336353439636632313434623032366165333531613666
31303134653235373230663861316534333264616261663633623730303665323736616239623361
31373163316638356461363263356361333366616266633762626533653636643563623839383138
38323036396364653963616139363564356231333363356461323833306464386331356532383239
61643437356538383435323365323534333832653732626533373864306136646563633234383435
32353065633962636635623231363762393836396631336536363037376337613162376531613161
61393737393462313964363837633162623361356636366437643264666535656135373432373530
35306533653466646531303536313464373639663136346664663139316330373736386163376265
62376539613561313364386232376636663361363062663132663964393866323438646562376337
37353866663165316233393638356161303065376332376461363738343265363266303031376431
63653435303861653039363130376531396538326332623833333937373638303065303661343331
38653065373531613538353131393665306531336437383862386539613239393833366665363165
32373062333638343565326564643339303866323533383133396162646664636334313536666630
30356266323933316438393238323466613735326461396634613634303630653833346565323637
61333063663538323735626463303462333934626234653962653066343537623537383766333930
32316435313735326665663235376461346136336165646466616638303961303466666464323664
32643634643736623139353635383366656666646235613233346637353739373235373933653164
38656137386434383430316131353532663538616133626238363862333862306335393533653566
31336636376364366661303033613963316330363863646465393333663935643239303239343438
62393462333764396330356663393938633130366136633363346534333765343464386336626530
39363836353337393866326131636666353661663464303730666437393561313230306464326636
66633766343532343764666337653637343837666461393137616533623066633662646336383063
34653534633363623837306465613530373832653630663265646136613031656533303230333933
31613464353438343866623965303239626666306139333036613661303161323331356163333834
37353438656433653332656636646134363332356631343437613836633432613235643335666439
31653263666138633130316534646430396461616266663036346261353637346130393136386666
33623639343064353165346337363565636231353334626331306431356331316230663330643535
64626437646331636432393861343162393939316561303636633662663361393366333631656237
32306466646237373633326637646630386264666166316562323439653939326433643663643862
32653664363162663533386534363330666434386538623336643961326363366430313930353037
61343661313330343038303562306261343231663931306534616235356430346336346536646661
61346336353536663939323031343437613631613065323936373464643239616531383236653264
33336631383031646231313139306333343738666664316134326335366237663033373132323339
61626161666538373630633239636461616436656536353139346530383030633163633134333338
66663038336465373532326235646162396262356131373664643561343164393632616330366236
63623731653163383563366432626463373761653438366532303064313561616436613837666238
36353132353964623031653638303262323563383434306230373035346530303132643836383834
66323633626231306133653535326561656537333962366463353764353035343635386366376439
61336662336663313034356361386232666263343235313433643139343161376261396363383131
38633832323563666665383964666164663533356661363833316261353564636134383335363066
34386633636165366464353338383330643163376336343830336132633161326639613765663365
33393135393664386130643764393835623737366431626436326363333862623834663764363539
30636162343865653931653066373735626161303437666231643434623833306463646465313439
61653861616166663735353934323130373836353033366133383034316135613438616366306564
35653835653166616139333436346363656435376638656235343738616231336135313432326263
65323439663337303438333533323938356162653833306138306234663137356431323038316132
33346134306262313865333637626532373530303634373435663831643162646236366666376334
33636466653263633964366462303161303635396662643632383132373035343863613330303163
35343039633031303437306662396332343530613138343864633333363463663365666166313766
33616564373034633535613936633635353931333033653930376532643636626632336264626435
32363838643939346235623866633436363162333365306539353736333235313039393736353137
39383432363833666231326331376266653932656566336138396239366533393230613631653233
36633965313033386531313563653064623836333566616665336630313239386636646662646336
38656133623533396331316661383035353635383966386438336663636631326631366430633732
32636238383264316666316362373935313661343238393363663434623963643965326266323963
63393265353139653236333361376231383231326332613363363232366330323264303034653434
30653634636564666234353733346535663535323565346230346532613430323334616361643763
64313661333238636164623465376532343663353265323137336666306235346136396636353634
35306661373766663835343561616161333232343736626265643965636431393531616266353164
32383136613237353139626464366634363834313232343862626230636234646539313561646439
33666333326439356439633438326132663461396365366137353833656262313462656236303234
32346339303261623039333937383561323535383437383931663538376636323636336130343732
30333265653036643137306132333832373838323337363332643861303666663965623536303961
61356436626162623937336636336464393536653232643537333635356335656464666663393136
34666638323936366638626134633462656330643735626132343766616665656461306461333232
31633930643630316434313965343466326538643539643934633730343766326263343734636464
62373366663464326436303261613461616333626639396639326662316662333234383534356666
30646532663534643838313335663734613539306330646135373038393234356435656265643832
33643363383862623435653831336433306130376466613835326635653661633839303165636563
38636131626332386335303161376132393365326266666537323630333935663166613333653639
38336331616635316463623938356430336262333638316465306234346163366464633032383066
63643563303334666631656638383530613135326339323264373133346634333465643236316562
61333261653337303764323333353333363761383730313162653465343134383865393464393661
38623039353232613863656561376130346239653836653265316530306532306463376165313934
39643933313232643833373135653835636632366562633662653134623564353633666565656234
35333062303761303230643438333133333530373838376265613961363031373335333561623664
38383139356136343966373139316639303034383238366537353231613238663662373330333161
65313765393966613539356137346362643263663663336338313365396238633536636137356137
36393266353432613733313434353432326563336562643931613965666261643762666438383639
61656437636466313433386161366665313461643438376630643361326330336262633962653164
39363234363033316138323838633233646238353339656665303737383433323130363663396661
64643139393263303635623533656331393434383832623866343661626130373631623836353630
66623464623530343938363632353630333036306462663838626630306137366138313465303864
32316263356662373766663639633733393535663936366239393134393133303461396637313834
38313238393332393834653434363932666464323561386234633937396464653734623731613161
64303562663237333235316663643462373330333838323762376231303232303638633561393434
35396437353835326538616665346634383261306430626430346363636664666463636462666130
39626130666438326561366663616139636537633762386366616534653965653064373234323539
36313732396338666265386134346430316336356666636535343062376434633332613330396561
31383638633263336237636266633436396262363937383533623937383661656335363866366237
61356466613838626535333439333230346232383839616163346562306537313932373838313434
61326462343136393130646132393138663437343432646335356533326431633966376433366266
62366431646362346665393136633763346464393336613565396163303636363230633331366462
61666534356334303863613139616166303135633839396333666163393636333239333932623033
36306362316435626130363764623533666338613433663637646364363931393561656263333965
66306131356535306231353461363838383731333433356532643330346266373766656237343961
31643436663139386237363265356434313535353630626430613630366161306566313665303761
38336336653835336164316465643638626666633765333561326636393633306135343762333665
32373332613965643737656232303432323863666564653564343863346464326263633437393261
39663336393938636462646635346332376439316631323266626134626362643461383036346636
62623037316233376530303439306464313434656236343734613532383562346138653833306661
30383432633933396135363038353537353738656236383930323034346565393434333737363736
36303434653036393937386632666634633731343531373630613430613463616434353964393536
66323434373836303535373762393861346535346236353934323136373264393333376661646363
64313966636333313563663438636233626439386237393338643638663730353963313336626463
62633762343034323431643133386133316366323932613838623234663331386632633030626234
37336462653336333238303938373765383464383334613639373064633263613032396165353732
64326362613366636461306638323631343330343235656438313062323436623163343866326231
61373462393938323032653731393863376162353636663733323239653032386438306664653564
35323563313234326436383238616639346435323766653739353733303931303430656361343136
34313666316565626131336365303661386561613766353665613032663230373134316135663762
39346334626334393838386231323631626231643234653036623737646462306130356536376663
31623033633263623566323263393238393638323633373133353535616564323930616462653730
33353439623634623331666661316338633865373035333764386137313537386466303862636432
35303364303865663334643837356434613038346233343539363532326633343833393930343666
62623766666432303239363165353334613737353234663738373262313439373562633232613265
33386466353761393138343634633239323936363339353834666532643232613834626136373535
31316265633366663263633333636637306562326335666639343162343865333635363333336661
31363661613263646434323463343262363633386265616437386339366639653939306531306235
32656465336333313639323366373631646136636261343835633066353836353835623566326437
30666466336539323735313463653465643962393332393265336439313562363761316333383066
31646363313138363837346531663262613664313863333430643834326538613136623362383831
32306265383661333838633036373662373964363839336261346463333136303762623662666363
31393464373532333937666361346634356363623236373966613834336536396439653138373239
39323539353435323831323537313333383631643138663562306661353233343033333163356430
65366362383465306531636336636666383830333237613665353365353037393339333236356364
38306637383335393830336136316261376339396438393831636362396463626239656665623832
32393364626437393730393331613065346662646430633331626564643039643435636163336138
63376539373634393730616138306663613066363335663565663062623461346664363138373233
32626631646563363433653864366466343330643263666439353837636466323130386638376434
35616533313032333836393036333264646334323538383062396534313563306163303566646666
62656563353039303964306635393962626333623065376461393839393634653735626433303663
61636639366462383131393165316362336362646433353364303965353035346537646431303566
64366362633435343265613865336138646239313564383366306437353234353765656536373365
37383334646662656334333039393931613561333438343162666237633539323337656165326661
33643435656664393162333164663933626238306434313831336538333663303834386138356132
63646339373266663061626531633865633466316530396535306431303964663265663166353337
37333430393334616338393034636363353337333165373763656663376665393734376164663361
34383166303064333165663736623037323330323834646362396463313162363231656330326132
38653632653565613966356536663237636134336130316635633565646630636463303265393435
61366434336138346531306165313932326436363832313237633231333031626239356361323330
37373964323034313237383532373037356561353535663731373166663365306539383366613531
64663664333237666561323562663962353433313130383762373161393535663434623961613136
30646462666132616237663333383964613461333365363537326533313966653336623631343766
37343462313133376339613463663538623764616534646435643333626563366133613763633739
35633066326339343362616261353565626139376631376464636334653164633635383366623034
62306366663632663031383332663361336634633430626632373931646432353965646366643230
38656233653065356539316235363531333932616333643031303131306232656538643265643038
35363237356535623533343133373262363665393838333038333263303235663233633462343037
63376665656430613262306361616332393063643838343861343733613566643465343433616664
36393766316334346535653063623361626638333438643161653131316265663532343161623264
65303262616630383063616539653534626164623962336336383131336263613238656634333361
61343738333039666638386336623031346266383733336533313735613063613234646539623436
33396135666366306133313930666436326134316633353164306332643962653135663166323264
37653833326365613933346632336266333832636634666166653333663432383539656531653534
32306632333539346662353861373037663362613138383032333166633532313365396631333161
39366365393933626335343266623632366266633461376235386564386464636332633839313439
30313266633032356366666163653462636463343763313333386638623662633531316462656564
36646635653366313132383432363032646566313035633338616332333162346130356435333238
62333933363766386566333566393866613439353961383734356661646230636164346431623366
30323261636531646433383466333236663734373035363166356565313466383966633264376433
66393461643439326339623333336462663835366635623133376162343963333465663061303237
63653334353338323835653561396133366630343031396238393366626661626236613264633739
63623566303230626464313133396535383531656438386632616639653664343030323265663361
34323064353137356132336330336633356632633838616139656532376332313639623965396632
63323232386132343966393964343062636138633530373763333432336238313063666531356561
35323764386539623233376530646438643235646335363936643162643333656633346531313730
37333733383832316664366532333365383764663062346362336439323561313962303566303366
31323934313666343832356130366363303666326536633630666538356263393431376536373136
65323533346265663064623837373061626533336334663764663930626330646236643965623266
65336237303334636564636230666134333961383265623733653935396565666539356661656637
39376335313937653365353766393533653963366137396338386236343735613837383139643439
64616263373630303165393839613434356134303136616432386539653533333262306635336135
39353662663635306235656363663631313832643765353437373735356362636637646237323835
33376335316437303366353966353961313132376164363762323233633534633165343831323736
35303763616562363664646364643236626138386337643061353262383464376230643931313839
34346231643530633431646233636639616138666261356437643763393061323337336238633131
35306338646565343437376632303335373331643663373038323138666432623036383637623035
39356265616464636337383837343434626235656430626234323462396662326362613964613464
31333931373635313936343234363239633031333764393538633865633932386265613038653464
64373138346162323438326662663161346637653634386635396134376237323039653734356566
31376235636536333535373264643436303031353537626135393335306464393663636531336539
33396238656432633137356234616139363765303530373734613530316535656666363036613137
38633830663530303831363630623930616432663934306366656530353935633434633865393063
61373362303063386632626462396639646462323066316136383436353537613634393762363030
65646335363066306635383763623732646365343466346536366261393337656365303262366438
39666464313336383839303664626431613737623834626435656333646536366235353235333464
30346439626134383437613334336233346331653961666132303532616438363066356464663338
62373035633430303664616638363663353362636163353330663065376232386330303430663931
62346337366363316264636230353866326539373563646361643066393765316262633162316433
36353030326262613131343234353966356565316632343839633331326431356239306130326533
63313536626538333533363762613864373964636565646430353864306336353065373765626461
32333666366339366439353937633238363938383864313436616164376662613739353838316165
32646566646531623439396662363862343462323464393537353632663032323963323361376262
39653462363237306364663664303730323338333937313265353466636331373766346237633537
30633335323665646331643762346465316565346464306435656662373531616462383466303739
37613832373937366466376536303261326362616364386536646639303938616537663530656436
62386262353236623434643539656535323231656633656563343934623031336366666563613131
30636465323931646163326332333533623861633235363838363461383535643739346235656637
62373862383637643766353532356133383338613036383261393264343330393662653233366633
34336532313034343031346432633630393738373836313633343439633933303730383962656461
37646632393461636131313630393337366234326533306539323938643866643035353138373333
30303636366430303031373666363536386132626233313936306137316161323562393061666433
63313963643361383436386138303032376332636463376231666636376534623433373132386534
66636465313632326563316632336536353465346464313431333834646532306261353637366337
62653830373132373236333630323563613134306465303766343434373465373363633462326634
37363431636634373763343237383331623338326135363132376663623132616634653962383364
31346534396336656134613166633937653337346237333731363632393633373633383364373031
66336164636138626662313166643736326532613131666438376663376334346663386636376134
38393338613134316639313066393734613838393039313332313361386530336133373033633663
35643762326163333639643966633739643031373136306565383666663434343430326161316430
66353236633734613139383864383538636636623666396138393034346134376334663461666565
65623237306262636462303338343032383066363230643033633936343463653565663936623039
61626138323664663836306232386136323966366631303163326266636339643132303665316130
38633866633437323535643666356133613835386337333434656632336664366638666361363966
30346232656434303861396662656362326536313662613338666364333536306462653936343836
36323233343436333232373463363364646336366130333864623433313465666536396163643866
61323263623636343837653466646238643964353434306666366363646530313938386563373932
32666238653531653836616633376365313632346438333266613166646536373362326363373834
33353164303766303664613234393736363036363231656663346438366365373930303862353335
33386537313736363833323432653762626635646236303861346430663631313065643465373839
39373631363665303638666662366138376363323137333765383935303435336531633238383439
37623464613830626336343531623330363437666163636462666636316233393731666166396333
31633539393137366530383436653833356536386136636537643333623761303165323361343338
63303937383762616139393332323936336164613465393739353634366536356561393039306236
34626239303563303136613032326431353463663532393932323830323130333131383035396264
31326665656563356165633230343339343033333665383630623130356363343439656438313835
35646663346535313537363238633935616436653938353961373136323830323332626235616363
33363534316331633265666532393336306163636336343634376139653234386334366565326564
62666430326565373931373839636633333230393533303736616336386236346361373230316439
35383337326339363364616533613364636237323562346639343034373465313762616230363935
36353633633365386334333033313232373730373630393530353334313830306265636232346465
64396530656438343166323032626531326566326662366436666363376333366461336634316265
34323130393565343331373631643638636565616637666434643965376430343064376262383162
30363333613534373363303661613331313265376138613434663939663535336464653961663836
62613335623035336165326139376165333531303262663832386563613065326131633836346139
61376361326339336435373162306333376233633737663935363238626239633338643162663538
38306433303235643532363831653666643165336462336462623161663134623437656464393163
30323133656361396334373133323237343161633264656463353337633833613066356139666462
32356666626336626665643030626139616261393239363539386137376635643063633237383930
35323164363836653762363239353462343466363430356337346339396561303962383137386238
62343435386133393636396635356462373061666334333837376663333739623530336130633039
63623437656662386239373261313565373339306239363565623830653432306264336164393461
63313238333733623834656430366563376365626362616132386538643465656563383837303531
62376166383863313032396262323662366237616136636437363835623633323737653765343931
64383262373531303339643930373163653438343333383861343165346634623066663632353235
64333130656463376463636137333530636137633235386436346463313264613930643930663064
37326338386236376430623338316465616535346533636336623730646662633438326636306635
31616164346336373264646233613734383236396534616164383630356139343535623939396231
64333937613537663533396535366134383835306364653030636233386661376261646465336162
64626433336564323164373134646636313530656238316339373031323666383437323163626330
34333731653531623961353162303733616332636366346239333363643132343431636537653732
34363939373332393439643638353165613461393131366564643834386136616233646439333230
39316436663030393361323336313235353038613338353835666336643035393763613736366536
37633035363263306339616535313133643663356231636366636438623764626532346531383536
64393565323365303634376261353531333062326137623065373434326234636165343563633333
65373431343032383532636637633231376530343664376139393436353037666134636232396434
66656162393265303239346364353538646136633030383230623832306336306534313539623462
30663535623930323937666331626137653636616235366561373163633937626439633533353435
31323665396163623133363738656165373135663761306464643837386136636236393939663132
39613931633633376564343735323530396633333634383331396239333731333835383639653631
30386565623762613735623233313464373831653466613964393431623366306530303232303263
65636439633938646139346630316639643366666432643134323733306564393633373831653230
39366235646639383262646430336530313538346562616237326333353933346430373232383239
36613162653262353664303664653134666361306233643764633864616563613437613264376463
36393339643639303138363032666266326462333535656362666662323562613764646335633464
30363738323035633862656261636232313731303835306461396436643332613836396438383566
37653266656637386465653864313562366332356536343431336139666639383135323063303066
65366361373237313061353365633038363634643566386632356632383038666430616536663830
39353233326431373931616538653861326365633634313336623337316264333037623066636439
31663564343031353762663364303166323265633161373930323464646363626431653530393935
30376431636237393661363139323130656233626366323338653864303861336463356531373462
65393338663731373235393935636539666232653262636537643565663066646661386535336536
32646238376239366163343433333739633430653265353437623930646432616137656164386634
31663865333562343935393464353736623364383736306237636231626434363236623234316364
36646537343331336664326163623631353332353033623764326463363434633062333132353130
37653964653964333465326635623433353965653738303832646638623463393263383733303434
61323732663161336338626462376630343337323566376534313136383638636364366238613831
37323066376138333137623633343332663065633964386161393932336566376166663133323362
36386364396365343064313333326161343163373161666436303430353231366139636239313836
62653233663031626633353333656130313365623036343532623562313034303961633234373132
37656630396164346232623934343438326530646637306631386533633361653837393035376463
35646262633866346631383333326231376333633330346365376664613636643437326163313536
61613462383164393364373462383434316165376661623139613165666139396131633835353036
64393766393665313761656538633535616366643166626633363831623831316534373033623265
34633739343966343031333931313863626232383263303234653234623564323233626337363434
63616435303465343764643763316238653464323666396538353835366338353964643835353639
65623630633364366538623532383934333033626465626166373634623832623638616436376664
61383366343035333762383236663564623634333766306439326230313837363733656431356164
62353165663261346134653863393338616131393864353062373930386561376234333566356463
64313233646534613163373263316533663833356535303466323438306236663333373936356532
61333033646161313735353161626536323732636632343138336133666366646461626630366662
64653738363133343362363634343334643663636139373162643535643935326566653533616666
33633433646530326439653531336561326338346464383438653133343938646463653535636364
65663932333462613838366263663136633635346333636165393766363532633530366339303531
64366662333565663535643739656265653430353762353434313230643939373266636361333236
39326138336261383130643062336330653332356630653732663539346539613539396564656539
34666666393136393832383134633339373933326361313538373038373736323830316130303139
30616264373962343561306665636161306637353539613834343831336432313433393761306335
37386437383366343430393336646536623336653736663138633536393236363332626636356365
62656662626535666266376362393761313763303433636663626537633030306439646636613430
66393931623136613566383831366161303831646663616238653538323664303039653239363231
31313835666636323630363038386335626231363364656365373232653230633161343030303561
30393131336462393831313638336363643937373966343730353735383237613638626435356630
33306334373238323066343663646338316530306436613931326563643433326638396532303631
65623166343430333964353063396431666233363539366230373832613035383161343033376162
35393764333630653262656535303938326566373863393532326636343134373139313062396161
32623736346634303336653765376435303865613166323739393565316565363362303964613961
32353062616262303566376335663934316230393261343662663764626631343664653636373533
37613366653738303139623636346535656132666163303064333137306332626639666331613035
35303036336263306134626532633131346139346366623832353831353965333536643232363134
62613231646662333864376663376334393833653731653939663065343631636637356134613635
64346635373331383736343933396639393336346331306633303932656132356366303831666638
63613132626539363463383032633238363331323033333763626164383030633062633033653164
65646337623235636238386237646439666534623533363266626461366338616264643533313134
33343238363938623831326531306439623533373366363838646661343164396133646634353837
39316263653530616562613638326166393066383137366463333536383439613363663561613662
63653264663236336561663936313462323935383431313661633064373137633362616536383432
31396562653737313635303832643962656462613163626331326439383435616463313939393661
32386162333463663565353331653062663062633630336665613561353835386135633866303931
63653864323237303931356632626361643166326261346436366661663438646239633363643062
38633062326433616564343266373939376366336130646164366335653264656431363836326237
32363061356464643832333563376239633434613835613264636331633365636162366366316430
38346661643734623765646237613165376630346564646366313534623730363763633131643066
38613063616331656137323132303364383863333331326337383832353537323061343232323264
37656466333335333337383037613266366433396635356563376563613438343234333831323838
39626231643465636230396433613064343863363938633136636332373562303563623235626435
33373135663562643337366364366336346630306263326334363932386136373366623734653763
31393463393163623331653233386538313035316330646434306163613730386636633866616164
64373332353838326638383863383465656666643930306531373462313630336564633564363636
30643231613239343538666130346133386531636365316338306666303935383230366332346635
36626532366130383335663166646335313763363031616139343030653335656136376431663463
37653531313137666638313465643537663564373432326237633363366664393230376537346433
64616437346263343631336161306632353436623935663538653064313435613732303563626438
32646266666465343566653337383464396461633639666333383831353131656437663737343333
35393330316163336439633634353438386465373865386466333530666665346439636630333065
34643966653066656666616264323632343137613539623336343137333161613664626263643865
32343964363365323965643938303534653263396630383838633866666464353661313738643530
61386637313132363631333165646439626563346361396339313132633063653531393563346333
32303261633134313331396463383938346238363939353134313035333335313131376535636534
30386436643564303832326564363031653938383436346434616366623632393730303433313062
61316234393334646661343735653134613939626336616437363037653732633936653066393164
66306134633564353166376633636130616331646631666264373838666366646362316637636432
37656539323039646536303731663262393339663236343230343131393331303134353937326630
32653661346465636138323864623838346238643561333164343639333730313262393234346338
61393930366533373264666439643666373661396637653031313366303132666466383638356430
64376232646531303736643864326362626238333338363264313063353463363862633762303564
63333161626539363331383761626133366364313166386637326637383161623431643062353261
32323337303531323337323963643635643561383565383338653064393037366232623235303534
63656566336138393432303038346236316161656331336639336635633765313462613733656333
64353538353434336638623132383263653936633133636262656465333839306239393636356261
62353836383634623161323233376538383332623266333033633439353539353337363533626665
65356162633531303537353438376133613435333463343165363764643666613736393562353632
36323864353731626561623737303634656134373164623763623235633961353532666638313661
37376661346335326232343637336332346239393065636633363063616133353038383539366437
36613734373938653732366638653138373162646263306561353063333837353632643732393665
34623362346538393133373566626236373065336262346262653033306132656232613431616263
38316535316636303133653132343936313564346164646130386362353032376431356230326531
66313136356465373561386638656666323566333430633965613664393833383239313663643865
36373065373562653635626632373062383363343732666639363837613533363534653431633738
65663264633732626639623932313736313836306537396565633330363133653366393764663033
33326664663531373336666431343665323437613633313536623861613038353838646531303465
36303335373734626566306634336535633731393361366538333032623832633861336165323065
63636234396661393965646530626636653866303634313662663334653464393766323432363339
61646437356436353564643630396332373634643762376435303365643665646664336633373263
61323837393662393761643032353964613061393833393130326637373161333333303264323933
66363162343966393766643130343430656666636331333838376532633531383266613861653661
36336236666462376636303964313963353232396235373837336637386361333536306366633066
31316164336662313632363462626132626664633332366138303935313839333265646362323339
33613937333031663366646262623539633965636633373239373237313832396531313432336664
34363431333536643232316339323830313637643036393030663263656230313764353732646137
30333932306233613734633339356266343561343530383038346266663337393864616433626130
32373632623033376134386463663239326138326264323537326437376438346663656661363138
61623637303366366535326433383634366334313965373630396564663531363230343764303061
36663462333162343735303365386566663637323363383935646265623931393731333034396437
66666532636235666133633966636361353635336233363563383930623939363866616233343939
31663166373238613233323966336336656532336235623865633636643431653537663535303264
65313663633265613139373334333661623039363633643263323830346537386235653230396237
32373736313335333339633830393634336565376132363662363634656134303065353830643033
39613765386534653733346362323938646639303635333431666334333162303531653933633062
65373764366265613661393135623837353634653062376332373233393561393862353266633135
33316534376433636636386362363231333839396534346535333365306563306561306430386135
33633563323439366464666139653531366236633061636336626637383039303838393832356464
62316431616536306666393232343165396334343666636436373566323165393037323233616334
31656664633631633039356230653266663765336437643230383062376335653364396437666535
32303639386463613139346335626331333961346437353261313230343438663863306138323963
36303937363730386434383837386439626637656264373036386132393833313762643066336638
66366336353737346236353533626136303961623761336634323662376365626163646234643030
65663166623133366362393337323162373866323635613135656433346361653864633634363635
65666565303166633839313037613034336331343266613639653630366338386265306365313336
30613561633763326532306563663963653535346532323932373666646431366436343131646634
61666566336337313438633735313731366464616466346230373836656364383831616664303162
35323730333863323464313339393037393666373531383033316538356233613333666135363339
66313531343235346232653937616164373937363766356163373038383531373435616163376238
33353335363861386139323631363262356338303661666462646335643531656664656566356162
31343963313462383532316366613039336466613131303039386164383035353664333334343664
30636466653463356636393161383633613134346537323133353631623335343731636166306561
64336433663363393366616162323330333465653863636131633731656534623330333066663633
33663964653239333365653464656131656330373234393963326437303938396164643031666136
37653361643866333130663663353163363764633763653739326638643132373566336364316336
35393063613965343061666439636464616138306237663062626462656365333561643531326563
37383363653565643137366165393832363536353931323661313035663136343763376461666136
34336134343061303663316337626163316131383032663932323665643964613535316536323237
37373166653937373432376137353336386637306336393264663239636437373432313964353633
32356631626537323964343663333161353630626633386234323962626533623666653532356363
30633562666563326136656137356563656466633262646135346563336535306432393038346136
62636336626337656536333465656661383039613062326232353533663433663261636562376636
62376531643661316134373035643136393161383232643361393832623163303038653663613937
62323430626338343566366639353630346236653361303433666531343738363331653331303665
31313139363666326261613630323363326263383236643438333731613738386431643330633461
62646365623231303032613964346464643165333534373035633932663866616262316536653539
61353230646665343834653465393962333534613834353430666432376663383536613561656266
65656536306632333834646264646339363731666663343832666166646464363765393536326337
34383730303265376263353938333931366566633262323930343836643963333934643235363532
38323662363534613332616466666530623865643834376666373836633132303038616361316630
61653638373031336262343965326636643562636532623061323130616537333061343935386537
63393036376636303037666261393265623737376366386264386237663139353365316438333132
33623664333530373365646432316232323530366334323935353032336461303963666638626439
63376461313633323464613032333865336630303436633063636332653135313234373466633139
66343566363733313362613461653365383435663035636363383437373330316337613338336136
62303361363565663838643237663836623337616166333563366164626634303130366366396137
33343966656630303731336634356366316462313864333063363234373532626636336361336532
37313764643665623435303536636261303538623539626164633339323437323439323963366461
33363932303634383665306563316231623235633634366231323234646239343265333464653735
62633038613766366138353430653234356631656366363661333935656336633966333435653734
65306136326530623738383237643838636166373766633162313534303633376330353533373663
64653631373565353466646637363963636439376536666534303863623332306136333931326564
62653139663632333132353966646331343130336262303536663630313266633633653566316534
30326439333934616237666632323264363337303539346165376662653036383738646434633830
30633366623933306236313738316162343965643037326438363639303364326165353231616563
36613733343337633662366466383262343062646630323130336566366336383035346635353239
63643836643562373264653439643633366564666361323964343732653161346661313565313633
33363536373033316365646664666464376664396639303365343532316138326434663135396338
39353637396334353031626435316331376138383336373466643137656165633866663932356364
61386135343333656236643462303032636533656232303264613536343338336334316563656433
65313830393366333135386635343662323035646664646461623361313765653365366561373365
30373732343566613765373038343963663062346239326435353262303534663839343862666364
33626432363634393363656463343666333532653864396561636639613064323032653363343564
33663935323366386438616662323238643962363931616338663036376666313831666565316435
30613265333936636135336430626564343430383438653761366238643961353763616639353538
31623064366434613233323539366565333032643962623836383131383335353430306565373136
66393434333031643962303232336132663631633537616334663033393462343962666365333138
62636231336364633263396132663134313236653637636234383461336663393430356131356135
63343961343136643531626333303364343937356139393961353437326334613834383039616438
63333465613732306136396438613832383132626264626333336631363632386331663664343363
61393730343533326362616532356130366334376533653931626166313238346630633966323838
32363831366364353166366633666364616435383237373564346334616166303864316539303137
37653361313331323763383733623365333634333364623834313761353863343831333539366333
35643231333935613666616563386262316562633763616539623433363330613664363834613561
32636137653633333936613332373830616165643465363132333532396339636363643561323335
31303965353630326437663863306330386232656232353766393130623561663731613931326362
33653761386365326364353032623136643539386163326330343461623838643834343439313365
36653431323934343665636631323839663165626566313338373932656264316236613735383962
64636336653766616361633736643237396466666230326662346539393131623564376234373061
35383136323031303064643066346666383439316430653130323862646362373839653264646363
39626332376132336438316332393234363066633132613466646134343561636131353739616634
33376335313564313934646464633930386661373165633636636534623662303531343035643362
65383939343232383530386435356131656263373532663961626433616466313435353530373161
63306533643264643563336364623830376534346339373839376132366635633564633162653061
39303235376437386530346435366439653935623662313033636663646539613363306333373639
39636532383963376239616165633466373833616666363439623663333762343938623737386631
36326432323030613462656330323434626365323739613961326633633539383737396238386434
35653537303036616166663337316633363530393132656135333535356638313234346563353036
35373064666431376534316132386538656331633934646530626631353334303135633766623036
33666631646136626531646534343362303536666238343935613466663962656531306638393439
30363930366532666533653639646230343465396136633836393132643234363266616263646162
33316539643861656535633162376361663135356563666663393437366634323230333764653966
37366364393564633634653335356433623936353866316563623732313661326563343964666466
38663566333363303965616234393663313865393665656337646234343463366535393466363238
63333462376162313137623438396534633434383566633936373061363435626237376663646533
32343932373331363335396232656166663631623130633036643533336431303363336464303939
37656331646538316535316534366238666232393062353366613639386334653931313736666637
32313534333037643033613737653762353665373632323833353130666266653638353265646563
36666564383736666461666161646261626333316637353564303130643066343766373831623937
3962656665666133626265366436363664363236393932306232
